 ; This file contain pc constants of interest to IDL
 impossible=   3.9084999999999999E+037
k_B=    4.7443967428571421D-25
m_H=    1.6735325181880000D-24
 lnrho0=   0.0000000000000000     
 lnTTO=  -3.6888794541139358     
 cs20=   1.0000000000000002E-002
 cp=   1.0000000000000000     
