 ; This file contain pc constants of interest to IDL
 impossible=   3.9084999999999999E+037
k_B=    1.6605388600000000D-24
m_H=    1.6735325181880000D-24
 lnrho0=   0.0000000000000000     
 lnTTO=   0.0000000000000000     
 cs20=   1.0000000000000000     
 cp=   1.0000000000000000     
 np_swarm=   0.0000000000000000     
 mpmat=   0.0000000000000000     
 mp_swarm=   3.0517578125000002E-006
 rhop_swarm=  0.20000000000000001     
